159.232890 134.369601 160.325338 105.613616 2.735466 
66.105373 75.587787 63.972852 48.059320 4.028428 
68.757033 166.697424 63.229592 108.115131 5.142462 
214.249352 223.119214 216.035182 184.336329 4.550998 
146.507379 106.904351 144.805709 85.590613 4.785176 
16.923435 420.296707 101.917593 432.836299 3.506918 
185.613699 338.200192 184.450026 299.335327 5.745963 
185.553747 416.882362 184.760563 409.206000 3.588424 
104.420784 429.066585 14.001093 415.643731 7.071789 
236.956356 450.093215 338.133131 465.571853 3.854458 
440.312266 443.318582 461.485782 340.802785 6.986705 
390.175127 443.247735 386.423926 429.498062 3.617778 
254.349382 144.622838 309.534989 150.327223 3.688258 
395.623625 154.388009 469.473514 162.192856 4.011921 
82.100903 198.128652 82.505242 173.114982 5.403412 
308.102489 147.116916 265.621383 143.163866 3.733869 
318.193027 108.638252 377.018594 114.069831 3.714611 
177.234686 171.884778 178.866472 111.861175 3.952433 
83.483276 209.417449 83.002669 199.321319 2.913228 
470.753079 159.475045 426.714048 154.570104 4.692542 
347.054436 465.959769 390.859403 442.480235 5.156050 
130.050173 423.214677 145.520607 415.417864 3.929099 
359.127942 240.746956 363.431147 205.358231 5.148095 
338.937027 461.803124 329.742966 458.385190 3.514971 
55.447508 287.887055 90.891886 294.103229 7.515963 
220.576199 438.153515 226.204808 447.786205 3.686397 
459.356888 113.312168 509.492223 118.163601 4.013585 
472.109699 476.657906 483.528037 489.002195 3.808180 
28.400012 133.725489 0.578315 129.697453 4.590190 
129.429473 105.056075 65.661795 103.146365 3.875215 
65.393503 102.997316 62.249854 77.921301 3.717255 
209.403932 107.795295 252.014573 111.534462 3.758426 
254.544229 301.460485 349.452808 311.109693 4.995106 
494.491690 491.178740 509.489418 493.692299 3.292066 
418.147191 66.574204 463.270471 69.903200 4.148676 
114.550553 427.186390 109.152211 430.229825 3.544391 
363.760038 340.114935 368.999069 359.476722 4.727075 
112.015348 433.411873 129.096273 425.055280 3.441002 
450.611143 52.060916 489.517674 54.960793 3.460896 
114.103020 56.963459 113.370535 44.360729 2.711269 
166.443487 142.867889 177.706109 178.721261 4.601673 
0.568442 132.217463 29.760859 137.038580 4.129691 
0.822115 72.823339 33.431051 76.965814 4.152311 
335.206776 459.796637 233.710408 445.267722 8.472018 
506.939321 114.294998 430.625997 110.604393 4.250133 
91.889757 105.454932 132.021450 108.937250 4.054862 
490.624116 486.669661 481.689616 480.366053 9.010730 
148.343515 44.068372 171.978709 47.386215 4.061125 
167.308281 44.371373 167.161805 26.872599 2.594079 
370.836320 447.249743 345.209318 459.774468 10.107451 
391.906831 84.052619 432.009557 88.012202 3.501932 
178.416428 178.825694 193.827134 222.070238 7.471541 
133.271812 134.749946 162.050609 139.578304 4.095573 
90.277768 227.799200 83.969749 210.320139 3.200202 
184.930491 408.147278 185.794276 338.142512 6.619664 
459.882600 344.038088 464.790514 334.590863 6.165761 
121.173667 71.653235 136.308673 109.098667 4.191508 
142.958322 411.126008 126.173037 421.510810 4.405030 
373.211533 110.868378 328.114968 106.991696 3.843281 
26.897965 19.372708 25.020860 0.560555 2.859979 
428.479914 468.957678 438.882696 446.645470 5.588076 
359.498486 49.584630 409.487962 52.279828 4.619415 
200.759417 413.298225 191.059982 420.824676 5.482846 
160.717716 77.262183 220.711892 79.894901 4.404005 
224.660034 263.330145 223.280681 256.841903 2.705283 
485.638645 51.352733 440.636706 50.176954 3.781369 
78.123187 76.901031 119.520625 79.783721 3.945927 
303.110387 247.009670 245.341121 240.741170 5.991382 
44.214757 50.248770 38.283969 33.070117 4.487182 
136.358108 166.014596 133.914970 147.095830 5.077874 
290.612784 47.014847 325.781195 50.086899 3.578281 
430.928389 438.389046 443.824367 423.571578 5.499863 
250.702019 108.664095 230.666339 106.493430 3.831827 
401.971668 189.223740 432.172868 191.307208 7.352799 
284.417212 81.511106 322.134685 85.886335 3.670388 
509.887214 489.453750 492.055317 485.681421 8.560541 
35.522946 55.874412 40.682107 57.985436 3.319072 
134.291376 112.182609 142.123736 132.265495 4.658270 
383.492191 435.939162 375.382597 445.417604 4.474677 
108.153220 146.699755 110.409196 163.154587 4.174711 
434.003471 190.702414 433.045129 170.628813 4.162996 
38.179708 221.284749 0.309891 217.774717 5.968258 
426.878110 84.328129 386.805716 81.669150 3.824533 
5.548653 221.594031 38.141785 224.161954 2.363897 
228.231497 260.392493 230.003626 270.731505 6.371339 
125.598417 421.669335 115.603827 422.961191 6.679145 
0.618577 99.406529 24.644698 104.301132 4.627060 
98.357075 440.320582 32.948807 430.555125 5.035560 
400.760375 168.054843 401.833753 189.250485 4.377409 
114.391901 75.932022 68.111960 75.102542 2.656401 
131.537589 86.889429 129.878963 48.103449 2.978368 
455.572123 22.382176 474.507270 24.356319 2.616143 
319.431011 82.454246 284.362402 79.525869 2.704474 
61.838651 134.269909 53.981571 136.987535 4.292530 
106.794317 58.390409 115.847654 61.142573 4.678575 
198.098624 33.345934 217.026545 35.605594 4.520218 
274.419642 58.914739 254.365818 56.969671 3.054274 
110.830519 164.676305 136.968982 167.119554 5.711412 
156.904122 59.028548 194.558357 62.193669 3.725997 
203.411749 119.206214 204.813000 131.964185 3.303882 
277.089886 176.949969 275.815996 159.361167 5.619011 
405.685811 49.291961 361.855954 47.292513 3.746104 
86.904705 44.166402 103.180657 46.484161 2.651258 
224.523552 240.813495 227.747717 259.653484 4.150995 
453.820099 125.601499 454.326662 140.584373 3.663383 
88.113984 128.361835 105.634220 129.176792 2.845787 
225.624005 119.436211 211.857320 119.212377 3.790147 
62.346586 107.100223 49.555360 111.189204 9.095736 
460.641118 66.429978 408.119470 64.527693 3.775131 
32.114157 430.744113 4.020168 424.802875 4.585097 
350.302735 475.390486 256.669285 462.071155 4.758341 
421.966069 28.488462 461.946711 30.192624 3.562382 
129.453086 33.724215 149.464944 36.125394 2.680877 
151.960634 231.017630 112.851686 227.111418 5.973570 
129.400486 308.742368 109.353394 308.470979 6.503234 
455.578760 141.366846 479.469681 142.855983 4.368216 
46.205567 172.856451 64.055075 211.444782 8.026495 
190.646608 58.691412 146.861333 57.307358 2.617230 
204.454163 133.427836 227.005579 135.312650 4.253856 
461.866721 27.213980 423.139823 26.268111 2.590818 
453.212818 40.258461 494.476852 42.500124 3.337642 
477.426352 192.045034 492.912716 255.676665 5.578110 
325.794712 120.530377 326.718149 134.385454 3.991082 
479.313251 125.542906 455.497646 124.283735 4.663039 
227.407290 134.420386 226.462509 119.480131 3.283906 
350.883550 136.902162 350.472920 121.913411 2.875615 
18.257506 99.483626 0.560668 97.429144 2.860092 
206.372770 464.776399 200.829459 440.578163 4.417480 
335.694580 62.426596 369.606124 65.805127 3.860078 
29.371380 73.165177 8.180792 71.255805 3.622693 
45.217461 105.829286 56.739988 128.816093 6.155979 
253.340273 59.032997 278.389335 62.420170 3.447383 
431.848879 169.838449 401.733189 168.141058 6.732485 
43.425276 330.856826 35.516449 298.456620 5.211139 
108.044574 129.618110 105.311392 114.660720 3.807439 
249.350404 175.890149 277.190608 178.472667 6.941395 
328.075196 136.239263 350.730312 138.076127 4.141806 
18.525858 0.426184 24.735488 12.946206 2.109492 
246.244878 155.385837 248.802003 175.378531 4.613629 
427.869552 277.467253 410.975793 284.028249 2.850720 
398.134242 14.162867 429.433750 15.526562 3.311167 
246.683107 455.071997 219.201307 447.505893 3.161658 
176.089103 422.173534 169.333992 404.390577 3.061713 
348.324771 216.176420 350.485679 205.596544 4.023717 
452.900719 262.786265 394.006643 256.674641 6.345640 
365.238056 262.993972 372.084940 308.093127 4.568109 
39.495839 138.908754 46.797720 149.428640 6.245781 
49.039987 74.348059 61.520660 103.277866 6.030799 
121.888190 438.165016 114.379933 440.639965 3.574687 
172.835900 403.218180 177.568496 417.901478 3.608527 
509.618479 503.429353 475.552093 494.658165 5.117568 
84.327486 114.127195 87.147464 127.811254 3.710026 
169.405751 24.698438 201.911433 25.777229 3.410785 
344.833624 206.784228 342.819955 224.340011 3.013360 
442.766424 450.374071 450.516605 439.299145 2.764964 
355.565684 315.646191 364.080400 339.480246 7.400663 
351.934340 25.755969 389.410827 26.694690 3.313029 
496.897016 40.358524 479.413083 38.914046 3.211959 
0.633644 54.979879 34.411079 55.432488 3.732915 
2.996378 327.890956 42.069625 332.837703 5.242619 
169.371594 423.135859 156.496274 419.097297 5.004187 
310.586433 266.779905 294.455011 273.322283 3.005284 
349.301186 121.595710 326.741529 119.880245 4.416939 
133.136094 148.002892 109.017347 145.811652 6.225144 
254.109359 461.811652 222.751823 454.792026 4.042093 
321.406759 191.635844 333.316419 230.566441 6.102425 
284.366747 251.170112 256.873049 250.753866 5.188652 
106.764309 317.707257 174.234571 326.680854 6.268572 
339.395916 223.128232 342.719927 201.619224 3.795886 
41.911574 60.045301 48.327150 74.283916 3.819817 
283.365831 254.395714 282.075951 269.392284 3.133518 
274.352037 158.417102 246.630292 156.237806 6.230776 
362.659723 205.010923 366.774935 191.843726 3.270234 
428.134504 12.898968 399.382780 11.689982 2.404228 
189.109111 494.317848 178.306095 496.515294 3.548069 
104.359670 114.663314 84.283501 113.595841 5.656649 
505.126517 264.329538 505.894641 298.147268 4.231573 
154.999632 418.185211 129.233747 431.728083 8.383531 
363.171642 61.814501 315.642871 60.122891 3.387637 
369.258623 351.548726 403.256407 355.831970 4.970567 
453.182331 15.528699 486.924373 16.965562 2.497736 
260.627491 143.058544 221.885083 141.606060 3.294365 
371.707029 370.303144 388.261380 425.956253 8.447790 
91.135701 291.621692 105.541817 320.666259 7.901443 
330.678520 18.918829 351.929315 21.412055 3.141831 
480.302377 141.885188 480.205104 126.869622 3.830896 
14.421376 23.814010 0.559439 22.668062 3.109408 
111.601542 336.454741 123.994127 365.250967 5.435410 
294.514109 11.908291 320.707543 14.903040 2.803800 
355.890985 471.126964 348.942537 474.808860 3.445598 
353.104281 259.378507 356.705833 280.653637 3.090843 
28.151838 237.031055 9.105274 240.306610 5.139521 
229.410862 17.907237 244.415633 20.378265 2.873009 
0.529073 282.733113 32.083426 286.260531 5.246790 
31.876890 494.938226 5.878110 437.324859 4.376474 
53.538549 136.293396 47.685556 139.914750 6.882713 
194.205052 431.808907 199.506846 418.176276 3.494999 
379.315714 339.257530 367.835549 345.051480 2.629580 
476.264587 492.641817 448.383295 455.735540 8.667141 
113.153085 230.286277 163.120503 234.429236 1.774722 
350.648351 467.576580 333.126157 468.159769 2.789681 
391.843385 20.855660 413.374216 23.806748 2.866553 
186.933246 265.068811 196.824766 266.104685 3.859797 
289.491922 24.799089 325.697471 26.838300 3.480139 
35.637980 304.245860 0.366122 300.700518 5.218557 
109.015978 17.020879 115.568756 33.147853 1.510761 
310.756543 34.635246 353.256773 37.131334 4.111947 
0.498982 245.367514 48.182540 251.421817 6.534643 
293.317471 274.614391 318.137550 276.727602 4.584824 
404.168898 355.913241 447.071086 361.661518 4.955715 
48.198019 255.789970 33.804745 262.160729 5.190490 
350.687175 18.609567 323.165693 16.374027 2.694199 
425.678600 154.339246 373.165640 152.150124 3.642618 
457.111719 453.481045 451.342462 437.062122 6.024261 
104.793695 321.129168 111.581106 336.315052 5.342785 
231.812366 268.548562 250.703798 271.342133 5.129068 
380.808612 35.737165 424.492554 39.096240 3.930178 
174.720731 435.980263 170.056191 424.107378 4.363006 
217.866308 445.756404 212.290311 434.779094 6.173892 
230.388600 267.133638 233.206521 283.328319 3.320128 
369.077836 308.165540 366.186141 286.968976 3.377657 
464.384146 333.034037 498.542915 336.468647 11.325434 
365.660804 9.006347 396.895522 9.697245 2.969314 
410.680304 285.129987 490.797513 294.080883 5.517407 
54.298768 120.968611 60.940456 126.495945 5.119999 
76.806900 190.639141 78.900908 200.723445 2.585209 
100.729051 43.371690 84.267199 41.664465 3.002437 
405.286079 456.206813 394.168044 449.730274 4.226042 
498.938042 295.746609 500.497341 269.293792 6.827612 
246.936403 46.252785 225.647021 44.151850 2.717071 
106.834003 257.304408 143.111350 260.767970 5.039857 
145.702630 358.417446 134.573226 361.371753 6.361500 
176.051898 332.104632 162.689009 342.884096 4.897013 
214.112891 261.930165 212.495319 254.244445 3.218727 
279.230909 281.880272 279.126898 254.375938 3.806697 
31.413079 51.455653 16.180654 22.829330 3.077676 
195.775680 265.842891 203.160950 266.330516 3.363915 
214.361376 45.759253 249.506845 49.325760 4.343453 
343.205783 305.904576 249.377596 298.093813 4.256879 
143.365348 266.034667 132.813805 272.225168 5.060305 
191.006334 467.643444 181.919833 436.861766 4.521074 
201.961217 257.104000 185.667701 263.238417 2.642619 
354.051180 255.732329 348.952971 240.350573 4.346109 
408.444666 483.173604 407.066795 456.799675 5.458901 
173.116727 349.302592 156.794171 351.167576 4.009558 
165.628222 346.883108 183.315601 339.854655 3.277040 
331.936485 467.726497 248.061683 454.785374 2.661372 
388.125273 24.369915 375.594290 23.696196 2.496395 
225.653682 25.709473 261.912485 26.601759 2.499243 
492.988107 298.610783 481.094611 320.194984 4.379177 
261.918245 32.753103 282.081662 35.097760 3.291759 
203.089889 436.886455 227.114248 510.520443 7.079713 
371.597054 295.110636 395.730266 282.069803 4.337326 
401.294654 265.704109 399.821100 278.177700 2.297679 
413.190261 280.760462 424.764846 275.184200 2.794783 
108.388710 441.209350 99.294816 439.957477 4.055902 
180.002423 453.044933 178.664124 484.344605 6.724879 
32.901339 286.362607 54.857931 288.833331 8.990514 
59.207593 171.312232 48.530556 174.488345 3.723241 
124.548783 365.541942 139.285399 396.375549 10.200036 
218.883099 500.782806 210.314543 474.073586 4.423880 
36.822152 10.098900 64.448679 12.115752 3.403495 
170.495828 241.864766 168.905550 261.936842 2.751025 
443.645673 393.552335 428.962451 406.569626 5.930475 
384.232856 452.893358 355.897007 470.281230 8.329501 
149.159805 269.909158 164.295102 265.359219 3.951101 
453.651684 369.635090 447.218659 382.661990 3.929678 
63.964265 236.827441 61.931657 254.381560 2.770963 
318.206578 276.904753 335.628712 278.069480 5.739288 
267.343844 277.937340 276.637094 273.835935 6.490976 
349.428930 13.822995 373.317285 16.156857 3.517771 
441.516447 461.234669 433.884283 472.394281 4.506623 
418.151797 9.564748 448.164219 10.323300 2.562368 
463.127329 1.375566 440.621989 1.270624 1.354902 
146.897513 32.794033 128.149236 31.518712 3.088068 
118.941685 293.614150 143.325568 279.727174 4.977953 
170.651802 509.447295 174.912861 434.193122 5.557321 
140.671704 133.217255 84.362063 130.945695 3.243106 
211.079091 27.019807 203.344104 23.841733 5.574951 
209.392900 76.196683 163.142120 74.976210 2.663999 
404.585196 509.540784 407.559390 483.344622 5.418223 
62.368900 198.033277 64.628628 179.405768 2.030198 
215.721371 434.579943 209.498834 424.300042 8.780049 
410.644966 20.177699 378.153907 18.727405 2.441773 
177.860484 233.177731 160.648302 236.980473 4.598440 
190.420268 295.544370 254.452186 300.962878 6.285525 
498.168996 495.475703 480.372643 490.231358 2.751380 
266.930447 18.183389 298.170971 19.637033 2.555399 
316.213806 160.239035 308.228518 148.057143 3.856534 
12.817908 281.176980 40.005127 269.216030 4.026984 
70.728690 21.830672 78.857900 40.846064 1.673748 
97.442107 229.246313 100.924050 244.590788 4.486875 
165.880858 28.564290 153.291019 30.471134 5.505185 
63.205654 55.611932 49.193511 54.717178 7.245784 
101.788326 244.709598 104.806543 256.766976 5.759396 
315.637928 8.900524 344.400633 9.684209 2.465027 
228.141109 106.329982 181.857650 104.962029 2.572766 
291.477010 255.593173 290.666502 265.728282 3.140197 
324.369299 24.455054 311.843805 23.563037 2.404889 
485.630433 14.166560 455.618242 13.384286 2.531722 
509.605902 231.387679 489.582630 233.684827 4.397536 
177.374015 265.227144 188.566004 262.326720 6.363719 
258.110982 82.419033 284.350636 81.898009 2.474692 
325.652519 107.181775 303.098778 106.523763 2.644751 
193.533012 453.129350 193.719718 435.618013 1.409850 
436.025527 474.356065 436.918346 493.241142 7.010412 
446.878057 7.708756 419.370360 7.506706 1.451954 
245.190088 297.540927 268.851598 279.922089 4.223222 
299.319077 109.941028 316.876687 109.433331 3.531654 
369.046130 359.857277 372.053369 369.702337 3.751628 
40.206787 263.999841 8.216876 272.232024 6.506427 
132.355040 273.944583 117.756181 282.495307 6.579474 
156.484047 347.921369 146.832148 355.845376 4.484692 
157.316073 365.876551 174.606623 351.868030 5.040571 
375.842982 258.982877 365.852756 261.521341 6.057509 
396.604513 293.126585 396.450694 266.870163 3.830486 
0.642291 25.432741 16.984944 26.902494 2.601916 
64.372230 105.937496 90.642325 106.170341 3.794169 
133.684762 110.912555 121.445276 81.533271 2.019499 
395.400452 450.366648 383.353525 452.160070 7.286226 
425.540448 114.705578 458.137088 113.435148 3.601112 
41.899709 265.689507 55.815547 260.359125 7.450898 
356.056772 280.663738 353.932967 304.335341 3.064793 
504.293748 263.146998 501.685848 253.514641 4.599686 
313.114186 63.500374 338.110365 63.191328 3.842434 
143.382025 278.908471 157.477006 270.754830 3.702096 
418.588857 492.850270 419.464219 498.311072 5.332669 
478.861252 321.619429 420.265876 340.840793 5.787624 
179.328823 108.608772 196.915613 107.548895 2.721059 
291.552933 272.424170 306.783146 265.425121 2.455386 
350.689819 34.316003 313.096307 32.454454 3.250839 
220.852517 251.902123 222.797642 235.585974 5.499280 
252.721943 275.133310 243.676709 282.548031 5.103210 
496.897039 8.918239 468.153644 7.531345 3.400748 
0.603673 18.441574 21.925325 19.878000 2.494346 
160.488509 414.724145 173.026956 419.625797 5.365886 
191.736754 255.663334 186.962945 238.447223 3.613649 
394.375509 6.778142 366.876270 6.633503 2.493391 
474.352938 19.796494 468.104026 19.714014 3.799166 
497.324137 267.582530 464.542267 275.104022 5.991520 
63.136909 63.321740 49.437102 64.150979 3.894196 
170.673457 430.292158 144.255466 426.446054 2.677638 
171.890684 310.763021 130.596007 310.180574 5.369713 
244.343039 17.278542 226.755361 15.885578 2.553985 
404.251084 68.040527 416.874383 66.868357 2.489291 
194.221054 211.896162 211.960221 212.979341 8.324091 
45.699621 147.838403 53.413071 167.257095 7.447854 
73.381698 234.409931 70.998202 251.925784 3.151340 
249.212802 285.247642 266.704842 277.729122 3.284049 
492.479027 256.707372 468.004187 267.859869 3.815802 
199.805568 440.660404 194.148442 509.459155 4.897281 
216.883346 144.814064 256.882690 144.976047 2.646778 
287.456984 283.129778 287.260252 255.622245 3.866120 
421.914200 340.792559 380.582602 339.295770 5.657811 
509.588612 496.777316 499.253867 495.139230 2.529650 
183.988456 423.529841 190.104550 448.253747 6.380027 
270.632849 11.278323 243.137606 10.916649 1.595156 
475.514310 89.588544 490.609137 87.976462 2.437605 
104.477450 286.044143 90.637697 289.426948 3.939557 
179.041478 236.971134 176.679817 259.485645 3.338328 
187.496702 509.485770 190.240894 494.083848 5.799526 
210.029141 254.401493 209.622752 264.435660 2.497952 
69.345239 261.878159 67.742726 246.782882 4.256879 
459.318666 268.657519 389.308745 261.251294 2.952583 
1.712044 417.622982 37.547416 495.219014 6.998872 
108.734153 295.861122 105.447311 286.940470 3.518750 
469.396151 10.187029 499.446799 11.638249 3.263272 
8.200544 12.588943 24.479558 14.883061 2.475539 
212.970213 236.566603 222.465228 231.800965 3.920794 
335.670448 278.584791 345.637479 279.158030 5.135297 
340.712938 206.080090 329.402188 208.265701 5.899330 
417.957444 408.619875 403.763303 439.666821 5.164391 
369.375516 13.118761 350.650317 11.569090 1.864316 
464.433130 274.729547 428.173643 272.375691 5.912969 
177.717277 494.396204 177.339108 509.418152 3.937560 
259.385357 24.182050 246.854365 23.509420 1.851205 
245.656558 244.093205 279.403275 247.872525 2.216065 
426.048239 498.248398 427.810557 474.351811 5.354198 
148.284290 424.408576 169.336971 427.165413 3.334662 
182.192929 306.768192 171.942808 309.618821 3.277963 
344.385814 264.212324 311.780612 262.044899 5.569363 
359.787326 299.030384 362.871845 313.909208 4.477882 
146.883274 245.355067 124.369671 245.438598 3.754612 
388.951881 426.007689 391.187592 435.782229 4.491732 
190.893366 484.388011 191.742724 466.868587 6.182138 
422.874357 272.504836 412.523768 268.385824 5.570030 
364.357656 84.965510 390.628196 84.726894 3.942851 
494.364547 85.465843 478.102594 86.533840 3.149960 
78.430220 284.405600 81.308799 255.693555 1.988746 
85.008580 238.194837 83.632294 250.680917 2.758855 
203.306343 232.512283 198.022776 234.015761 3.901202 
281.907316 7.786447 296.890121 9.216585 2.132363 
312.922246 248.911399 333.972673 239.705073 2.721052 
370.090047 310.460149 376.551673 338.487723 3.931416 
499.133034 337.310127 509.634463 338.818018 5.659896 
55.642851 237.955959 29.358734 238.390019 2.912457 
69.185803 205.406076 80.727335 203.919533 3.240236 
204.774440 509.618693 197.255167 483.374215 3.598275 
427.713383 405.739338 418.073618 409.233237 4.803401 
438.077344 53.816471 449.457802 52.845436 2.278409 
123.302102 245.409587 102.845546 242.937317 5.072704 
167.238904 241.486863 150.411581 244.386454 7.815603 
258.169773 249.508801 245.800027 253.648051 9.492347 
456.945869 457.838037 471.021505 475.072079 3.614101 
56.844474 161.671589 65.643100 161.486793 3.801669 
159.436757 236.170838 109.383243 231.781009 2.053604 
425.637193 263.005574 454.343206 265.936409 1.878350 
385.668650 81.415191 365.591813 82.524225 2.634083 
417.230416 471.716206 416.084912 487.186720 7.479525 
490.527963 88.614531 504.366390 87.946609 2.557355 
493.134436 331.876406 495.794452 314.027676 5.682398 
211.898992 204.686007 191.848205 204.173703 3.844559 
246.622792 253.010402 229.284125 254.682916 6.821223 
347.599592 309.920764 354.590617 316.651029 7.069791 
53.123525 73.078849 63.153233 72.758244 2.618533 
61.499662 199.948347 69.343177 205.083049 4.469057 
416.875000 0.625000 394.375000 0.625000 1.250000 
19.426941 16.991567 3.096670 16.243217 2.382934 
29.855908 40.384423 34.857954 50.383400 2.729331 
171.453769 399.136975 164.820107 410.876517 2.468039 
496.943482 208.541196 484.323284 207.504677 2.286970 
54.722254 222.262780 44.645206 224.399390 7.410432 
79.051400 255.590775 76.002901 284.414968 2.808918 
437.492592 494.314565 437.982716 509.460504 5.401673 
172.804972 260.722558 174.791335 241.787545 3.729535 
242.030241 243.003330 231.073519 229.023473 3.429902 
110.625719 435.650677 100.598579 435.931449 3.818506 
116.890199 1.370490 96.870711 0.767373 1.776408 
369.318245 155.580181 394.389408 155.021040 3.665456 
79.610425 231.974131 74.334818 232.894731 4.338815 
80.616631 134.094030 105.631670 133.348917 3.636687 
104.639413 258.043296 109.658834 274.287295 1.476142 
199.320274 244.275623 207.618770 239.705733 3.776827 
58.622719 261.836277 59.848591 238.020694 4.543591 
232.751653 242.672543 226.342556 230.254656 2.727252 
432.407320 494.310621 431.052533 509.413352 2.378319 
295.627701 16.810691 271.867110 15.812887 3.022262 
323.690080 190.468042 315.739168 161.843288 2.408804 
217.916823 264.348239 219.517891 251.893369 1.558549 
253.437435 115.525471 261.950504 142.249146 3.246459 
461.859077 478.225234 438.112621 474.452923 2.607312 
166.063226 271.870235 166.232038 243.113888 5.051279 
426.966803 509.421083 427.314256 499.304226 3.962313 
385.671197 426.932377 376.698994 434.156402 2.945998 
416.949825 35.467103 383.096147 33.667902 3.014982 
506.875205 1.344615 489.374850 1.349603 3.752494 
138.167688 397.444448 146.521022 413.311356 5.065173 
167.039436 233.796337 152.673456 229.714015 5.847654 
177.826016 259.779973 188.285695 256.079176 2.429238 
249.606370 247.186812 235.482304 243.703623 2.127978 
175.035574 421.581812 180.493365 433.878628 2.535471 
197.982750 107.937095 208.299929 109.318913 5.121684 
255.627550 287.436402 243.122130 287.493204 3.761317 
17.596374 490.890457 0.035885 455.920833 4.473096 
214.270946 187.316346 203.054972 184.672024 4.510454 
243.129840 12.960800 269.393866 13.734926 1.949179 
6.640064 280.926151 1.717464 256.653444 3.957979 
119.473090 83.082742 128.760061 104.639920 2.649659 
135.706954 274.636471 148.159036 270.733590 2.456780 
195.619813 244.709714 193.503648 236.774028 2.737665 
29.452973 0.954034 48.174606 2.539093 2.174727 
74.458131 199.386983 76.450668 185.563835 1.783380 
106.904335 56.208724 73.109775 54.720788 2.552563 
283.126253 79.503014 260.616176 79.723302 2.695595 
391.342230 436.194474 394.950323 447.489804 4.382549 
394.391355 1.550158 416.897240 2.683259 1.436981 
-0.248520 443.546170 23.809101 493.442468 6.092284 
378.759178 336.983141 373.248742 305.603270 3.495422 
412.871578 488.097410 410.541294 509.501973 3.998545 
201.474836 22.051468 191.797914 0.107758 3.061796 
204.483029 285.642580 206.990027 270.236889 3.500538 
345.693276 281.863143 345.856182 265.627320 4.987207 
465.697913 265.760905 483.973291 255.956156 3.224058 
46.921997 169.350532 28.075583 133.150728 3.583348 
179.521575 435.618489 180.246940 451.947322 5.327913 
330.738863 235.813088 320.098128 242.254670 4.080660 
509.383651 27.201007 490.613698 27.699091 1.746940 
42.331436 137.258853 26.273530 104.061301 2.684844 
77.786746 185.585833 78.803047 176.808773 3.868889 
-1.017931 492.821908 55.054891 505.622377 15.113714 
204.870715 263.219232 207.065469 251.673590 4.851213 
363.247960 194.291871 323.910270 190.663598 7.564965 
415.214637 506.880710 414.970917 489.366707 1.475987 
150.624834 42.882011 131.874843 42.894802 1.261938 
196.891135 22.565428 164.379678 23.325195 2.324097 
216.948461 276.886065 218.633148 265.701541 4.080536 
43.139919 17.852776 70.694170 19.362867 2.479376 
54.500439 504.899948 92.007923 507.282114 10.217582 
439.390016 3.423256 464.383794 3.817583 1.624502 
125.659163 7.392537 143.179351 8.209704 2.613762 
225.621919 59.762118 253.126032 59.663909 2.575861 
197.996882 226.513455 182.309119 232.072608 4.369662 
143.149516 276.340928 130.578648 276.771400 4.004480 
232.400961 290.495600 227.547257 270.767139 2.167577 
34.444759 258.736927 0.553211 255.031638 2.057698 
49.311032 149.134416 64.251858 145.161862 5.474508 
190.617635 237.830501 192.433523 245.492633 2.495888 
88.443410 256.795586 85.877427 286.896518 2.384793 
78.121460 9.312815 101.874659 9.248727 1.861500 
131.764034 366.685025 151.935545 368.796636 3.267268 
218.102409 43.945195 205.571327 44.603842 2.562165 
240.986370 479.612301 229.944108 496.427880 2.479791 
314.310736 165.641436 320.918982 191.480127 3.914931 
20.697483 424.141370 5.245725 419.347489 2.553088 
278.052957 48.822275 289.435435 47.338672 2.317471 
17.287331 29.171379 28.670788 52.222761 1.798745 
358.692989 281.880958 358.876824 264.356661 3.789130 
376.749297 254.216221 369.718519 245.352517 4.694093 
490.615544 30.024280 509.380571 29.728900 2.657081 
71.932595 56.980963 105.722813 58.682078 3.116760 
226.745906 295.649716 222.457824 273.252736 2.455402 
316.819659 0.990469 329.594580 2.924915 2.397695 
410.987995 452.159127 414.125776 461.954832 7.477364 
66.893967 16.433122 44.381789 15.466842 2.980135 
106.850590 133.451106 131.897388 135.325898 2.399722 
433.926168 509.402109 434.519060 491.879874 1.502914 
26.870479 52.693432 0.610265 52.968557 2.499863 
81.974765 171.921831 80.545919 136.827327 4.357104 
344.446768 304.384069 347.129112 283.157111 2.023688 
351.491639 272.004243 350.387079 258.044917 3.146712 
437.184643 445.240324 430.949735 440.221574 4.868667 
88.162071 286.878320 91.523977 249.343560 2.731428 
249.364557 56.598232 228.097670 57.400665 2.356829 
81.457615 256.926515 79.596517 241.847659 4.334234 
464.377050 20.432977 439.366557 20.166035 2.486517 
68.015436 245.833088 69.902107 235.493098 3.689092 
99.401555 435.445162 21.748923 423.978824 2.597955 
81.882830 13.640652 108.143172 13.920637 2.486531 
349.403585 1.445759 370.725512 2.865660 2.328359 
24.922470 106.628388 39.412226 138.795160 3.080335 
113.923185 284.172648 107.590600 259.193584 3.344870 
203.108476 31.412437 178.095742 32.305952 2.453782 
314.397133 45.859709 279.386521 45.096486 2.444920 
33.049730 80.101183 44.421636 105.604205 2.668838 
200.495338 479.416194 210.298553 510.272964 6.657711 
476.599453 257.226900 467.109278 260.138590 6.436826 
61.890042 1.631936 81.967861 2.874433 1.793019 
100.483780 507.158368 128.094948 509.701304 3.291927 
191.725361 221.608182 178.598829 228.969877 3.270746 
478.390870 477.927030 463.460196 457.875409 7.295767 
98.128854 2.984646 116.899024 3.499997 1.352450 
135.599710 46.848610 136.489318 88.133311 4.233850 
15.642237 7.919190 0.642758 6.662967 1.871581 
438.063859 22.972820 454.391825 22.260851 2.443173 
251.512312 467.854275 243.435976 478.674075 2.497141 
354.359373 198.309787 325.603602 195.878040 1.895957 
146.851175 130.476130 156.991555 128.853311 2.041119 
215.181070 269.330061 212.901126 291.852337 2.739078 
49.145863 108.891289 33.819750 76.545810 2.735325 
73.802769 218.078784 54.884582 222.330413 6.248751 
92.880535 506.541297 99.469806 507.284892 4.968463 
195.843903 395.392645 186.975019 408.194292 5.484932 
208.110989 421.687705 206.999992 414.356059 6.366734 
215.081436 293.217776 217.060373 278.149345 2.215947 
238.645445 477.428153 250.890490 465.907175 2.677337 
125.886292 429.987371 111.998036 435.913349 1.962284 
156.250987 399.662885 182.408485 382.697538 5.213971 
213.358454 245.564643 217.228499 260.533607 3.004855 
335.633936 243.146609 320.617411 249.356649 4.820213 
509.646196 306.889468 508.246265 333.131469 1.780937 
379.609699 119.321986 386.689884 150.666814 2.871754 
130.616060 45.420035 149.384874 44.601369 2.443154 
75.669187 286.299546 31.889371 282.937845 3.451889 
104.375755 11.563341 81.875887 11.508831 1.292393 
126.788004 360.078307 108.220995 320.579875 3.857796 
504.795826 333.142796 505.958888 305.639119 2.656204 
389.483639 150.596671 380.301301 115.383454 2.207854 
478.151673 38.614803 456.883997 37.868577 3.068281 
204.169062 268.102154 202.647020 281.821974 2.898236 
374.379554 23.241764 355.609353 23.973765 2.790364 
487.734453 245.107738 477.353966 257.283349 5.176830 
355.514487 313.114664 357.622289 290.577983 2.838342 
197.200289 236.504648 198.723651 242.984257 3.364395 
244.348775 33.684263 264.362011 33.413821 2.482882 
218.280509 278.079630 223.377914 295.551211 2.899722 
445.615410 473.183262 459.403344 475.452804 2.888118 
230.665479 105.613576 224.741854 84.624242 1.940876 
222.111645 84.306271 227.954631 104.424481 2.246301 
376.870531 21.786232 390.648540 21.092540 1.751259 
385.960425 252.942239 378.125984 245.623946 5.240046 
21.845994 21.887691 29.477701 39.330065 2.075420 
406.917985 265.232436 453.161029 270.295961 1.496653 
29.751528 140.449851 44.848539 172.904724 2.847466 
116.053806 27.923332 107.955800 10.704575 2.127923 
175.273688 51.870173 175.411296 41.854889 5.068221 
344.329038 280.509588 342.311559 303.163878 3.095330 
243.136021 23.450781 226.904595 23.999861 1.798679 
271.875366 31.219263 244.374606 31.236224 1.266960 
218.119733 18.218339 231.896399 18.995807 1.741025 
429.437199 184.468337 405.621630 183.187670 2.630635 
145.427530 13.197200 150.304233 26.535251 2.032468 
175.597522 35.257390 196.915285 33.663942 3.087347 
339.001021 229.982214 348.645421 224.371016 3.696759 
141.771478 393.255255 149.412366 399.327985 5.268964 
193.014210 6.917503 198.832256 22.083214 0.989790 
280.703476 5.311352 269.323882 6.265076 2.075059 
405.622508 395.724005 381.856103 395.125902 3.717366 
494.459293 202.853313 483.078379 203.833906 3.134595 
254.506291 458.513142 335.588474 470.864774 2.119275 
44.356550 220.545291 65.899047 215.558970 2.334310 
271.882878 171.646828 260.603166 171.257359 1.637468 
499.506555 249.463781 505.128391 241.133435 3.807624 
346.922747 453.894378 333.184158 452.529521 4.357644 
221.533595 450.325733 234.196227 454.872842 1.930437 
464.546398 74.341511 470.657479 105.618654 2.481914 
63.079694 212.991586 44.745998 219.217493 3.148902 
72.985402 74.386418 71.859897 60.626235 1.959158 
150.526733 61.827776 152.323880 105.657848 4.463795 
183.135132 371.669175 154.393250 370.254272 4.114227 
472.121948 101.903103 473.120947 93.124539 1.807334 
55.649919 132.082179 42.095993 133.712387 4.021704 
150.568268 357.309270 163.179633 358.956801 1.853936 
182.522431 377.853423 155.343194 395.838171 3.433463 
207.751870 49.350504 208.450701 74.365901 2.987715 
268.793362 20.716983 270.173864 29.446345 2.664566 
475.649150 137.605671 456.881606 136.732935 1.655107 
131.971927 410.776856 120.255824 418.254998 5.559707 
412.722670 397.837339 393.960486 424.078628 6.253370 
111.804929 233.933682 136.833635 236.102385 1.411603 
425.522384 45.644459 428.855941 63.223431 2.223335 
18.253278 312.078859 8.099398 310.833793 2.633550 
216.799712 184.377444 216.872540 149.374995 1.304614 
403.973322 418.294992 415.556680 400.580326 3.420452 
149.382313 239.302955 110.650752 235.371309 2.398539 
96.167759 265.409588 103.188670 283.099730 1.880676 
117.482784 36.654515 119.273006 51.738753 4.081245 
322.862184 91.945686 326.563824 105.708693 2.089549 
180.250278 36.814060 181.561488 55.646828 3.046387 
493.153764 496.711862 509.555077 499.603661 2.027932 
441.870766 298.199499 414.317683 296.633422 2.425038 
224.801459 43.126734 224.862454 28.126982 1.305901 
277.507984 65.397621 282.056461 78.059816 2.444154 
492.744526 68.194033 495.459041 83.155111 2.236684 
30.611571 283.237769 16.907058 281.605792 1.389040 
73.839870 119.358312 74.598802 151.869776 4.478264 
145.513832 84.381397 144.286818 63.058145 2.280440 
216.981275 20.466704 218.310259 31.853378 3.434899 
31.953778 313.446751 19.437840 312.384551 2.596750 
151.772195 24.412225 147.191146 11.760527 1.722288 
329.144267 105.695239 325.343730 93.210623 1.923876 
500.253667 49.441395 503.579794 68.043682 2.240957 
76.140426 58.887718 80.109393 73.267315 3.947413 
224.247919 13.160710 220.718025 0.598860 2.028927 
31.900434 229.102479 18.153512 227.819500 1.360747 
69.442058 80.614995 72.625028 101.949592 3.394881 
119.084192 28.143096 117.994595 10.633115 1.791024 
348.145999 127.645840 333.120077 126.987339 1.686625 
110.548286 223.275835 99.589891 217.702479 3.323388 
429.400356 177.767701 408.080312 176.254710 2.405244 
478.115372 132.060706 456.793071 130.955198 2.496647 
480.739645 191.847997 474.487585 165.304062 2.574196 
4.409934 306.640305 13.152302 307.941575 2.104697 
211.894676 194.127355 195.549228 192.828692 2.038088 
271.891380 165.169002 255.617477 164.584440 1.742779 
366.247951 190.671639 368.495420 160.652733 2.119725 
469.429091 301.209279 445.633060 299.275800 2.086862 
1.602069 56.254711 8.281317 66.775763 4.891161 
70.390036 108.203472 74.146531 119.451303 3.163190 
231.366519 61.875333 231.347967 103.124763 2.502811 
369.374379 436.363632 363.922446 445.585449 5.332759 
224.393459 125.342260 210.620555 124.443092 1.817377 
473.285143 168.093293 477.951555 191.661849 1.954532 
141.890153 236.664623 166.850691 238.462496 1.250000 
468.666007 255.398414 461.254722 259.316236 3.962737 
130.698192 154.893227 115.599192 153.383030 1.989973 
158.961018 104.468330 159.661838 79.417995 5.172829 
210.276462 418.582882 206.683129 406.038007 3.429876 
438.125000 311.875000 413.125000 311.875000 1.250000 
69.444049 63.120684 70.071524 73.159595 2.417153 
166.982640 80.618336 167.228130 130.629402 3.737683 
228.649420 28.105186 229.171751 41.929907 2.545412 
30.380280 3.071513 31.448456 23.147695 3.094193 
291.405380 28.118770 291.206201 43.132710 1.448867 
191.879497 274.313648 176.777388 273.206604 1.773580 
172.429308 11.866220 172.587984 21.883506 1.388428 
235.485522 455.258918 254.357357 458.236812 2.014058 
256.728403 114.369592 257.741534 86.906968 1.756060 
219.877532 148.128788 219.500630 198.125947 1.476112 
187.291479 113.142854 186.836193 155.637977 3.897092 
318.692874 65.636505 318.414422 79.380864 2.550125 
36.287081 24.414050 35.366815 10.559122 3.074414 
83.375141 136.852369 87.331590 180.583692 2.151942 
225.628900 176.874542 228.591872 202.113681 5.548874 
371.816999 432.116211 357.947644 356.907707 3.374729 
84.565941 15.615590 85.739608 39.430954 2.250859 
221.893187 190.625270 222.486208 150.634063 1.564939 
197.246527 376.869664 196.151458 300.617439 1.303720 
213.443352 74.263814 211.761799 50.544408 3.740612 
466.262593 109.449997 463.341674 85.598466 3.241177 
91.488082 146.812183 94.319894 185.719989 4.738228 
180.632441 209.048127 171.330952 173.266426 3.170427 
428.115051 313.695394 438.133806 313.870145 1.424207 
74.592940 152.027082 76.268617 163.398553 5.857730 
297.104687 143.138152 298.749664 114.410769 2.138611 
388.539228 414.948884 401.924025 398.403445 6.889920 
421.931288 149.381592 425.592386 118.121180 2.113923 
88.700756 166.824258 86.167239 138.077212 1.941653 
319.314049 209.389274 313.161486 183.116456 2.796178 
500.187726 71.813791 499.057349 56.804782 1.929686 
121.931328 9.373745 122.377393 29.391659 1.500315 
226.015459 151.827493 227.832104 166.758550 4.477412 
355.084869 331.399897 343.128783 313.535865 2.764717 
491.616231 83.168851 489.075489 68.175755 2.067823 
45.413561 20.628073 45.777149 45.640958 2.463400 
282.972269 51.872038 282.632966 69.365456 1.443689 
51.643669 200.711172 40.868229 171.784396 2.342737 
361.048778 106.926735 363.340887 88.151356 1.695216 
156.884664 390.639342 179.310046 375.528604 2.455887 
103.055209 15.635955 105.413178 30.658249 2.397875 
191.516858 301.834883 195.115637 381.841685 2.117301 
210.285291 306.665265 217.227063 336.793883 2.907776 
289.073204 234.946104 297.001444 239.135723 2.731510 
336.839650 450.670381 327.757983 443.596166 2.958382 
217.725166 338.199835 211.681623 406.857978 2.310680 
255.742512 227.370295 283.351677 231.669190 2.825011 
202.842126 66.868771 203.227281 49.377252 1.304732 
214.505890 411.895896 219.300547 381.863114 2.074610 
371.267082 160.584582 369.187544 191.862537 1.416480 
13.186861 206.587476 30.940785 210.407269 2.784755 
122.468853 383.345787 110.240335 347.004436 2.335792 
230.562913 203.367587 227.767312 217.057222 3.173962 
262.990764 109.376577 263.269915 133.137983 2.631984 
96.075888 151.795361 98.506669 165.557587 1.809638 
186.393053 49.408557 185.514828 36.795635 2.841266 
93.348249 186.872709 93.340701 194.375217 4.996224 
156.104923 78.262386 155.247196 65.650695 4.564391 
232.253199 149.345564 233.324489 163.109473 1.634224 
77.634320 100.820004 75.928257 85.591027 3.855607 
119.478633 214.810967 150.700022 218.785705 2.299226 
381.161055 149.520637 378.857980 138.230466 1.949871 
377.491610 176.948983 374.499120 201.889892 2.333286 
476.442492 223.198581 474.098735 209.422000 1.651585 
